   -0.76604444   -0.64278761   -0.50000000   -0.34202014   -0.17364818   -0.00000000    0.17364818    0.34202014    0.50000000    0.64278761    0.76604444    0.86602540    0.93969262    0.98480775    1.00000000    0.98480775    0.93969262    0.86602540    0.76604444    0.64278761    0.50000000    0.34202014    0.17364818    0.00000000   -0.17364818   -0.34202014   -0.50000000   -0.64278761   -0.76604444   -0.86602540   -0.93969262   -0.98480775   -1.00000000   -0.98480775   -0.93969262   -0.86602540
   -0.50000000   -0.34202014   -0.17364818   -0.00000000    0.17364818    0.34202014    0.50000000    0.64278761    0.76604444    0.86602540    0.93969262    0.98480775    1.00000000    0.98480775    0.93969262    0.86602540    0.76604444    0.64278761    0.50000000    0.34202014    0.17364818    0.00000000   -0.17364818   -0.34202014   -0.50000000   -0.64278761   -0.76604444   -0.86602540   -0.93969262   -0.98480775   -1.00000000   -0.98480775   -0.93969262   -0.86602540   -0.76604444   -0.64278761
   -0.17364818   -0.00000000    0.17364818    0.34202014    0.50000000    0.64278761    0.76604444    0.86602540    0.93969262    0.98480775    1.00000000    0.98480775    0.93969262    0.86602540    0.76604444    0.64278761    0.50000000    0.34202014    0.17364818    0.00000000   -0.17364818   -0.34202014   -0.50000000   -0.64278761   -0.76604444   -0.86602540   -0.93969262   -0.98480775   -1.00000000   -0.98480775   -0.93969262   -0.86602540   -0.76604444   -0.64278761   -0.50000000   -0.34202014
    0.17364818    0.34202014    0.50000000    0.64278761    0.76604444    0.86602540    0.93969262    0.98480775    1.00000000    0.98480775    0.93969262    0.86602540    0.76604444    0.64278761    0.50000000    0.34202014    0.17364818    0.00000000   -0.17364818   -0.34202014   -0.50000000   -0.64278761   -0.76604444   -0.86602540   -0.93969262   -0.98480775   -1.00000000   -0.98480775   -0.93969262   -0.86602540   -0.76604444   -0.64278761   -0.50000000   -0.34202014   -0.17364818   -0.00000000
    0.50000000    0.64278761    0.76604444    0.86602540    0.93969262    0.98480775    1.00000000    0.98480775    0.93969262    0.86602540    0.76604444    0.64278761    0.50000000    0.34202014    0.17364818    0.00000000   -0.17364818   -0.34202014   -0.50000000   -0.64278761   -0.76604444   -0.86602540   -0.93969262   -0.98480775   -1.00000000   -0.98480775   -0.93969262   -0.86602540   -0.76604444   -0.64278761   -0.50000000   -0.34202014   -0.17364818   -0.00000000    0.17364818    0.34202014
    0.76604444    0.86602540    0.93969262    0.98480775    1.00000000    0.98480775    0.93969262    0.86602540    0.76604444    0.64278761    0.50000000    0.34202014    0.17364818    0.00000000   -0.17364818   -0.34202014   -0.50000000   -0.64278761   -0.76604444   -0.86602540   -0.93969262   -0.98480775   -1.00000000   -0.98480775   -0.93969262   -0.86602540   -0.76604444   -0.64278761   -0.50000000   -0.34202014   -0.17364818   -0.00000000    0.17364818    0.34202014    0.50000000    0.64278761
    0.93969262    0.98480775    1.00000000    0.98480775    0.93969262    0.86602540    0.76604444    0.64278761    0.50000000    0.34202014    0.17364818    0.00000000   -0.17364818   -0.34202014   -0.50000000   -0.64278761   -0.76604444   -0.86602540   -0.93969262   -0.98480775   -1.00000000   -0.98480775   -0.93969262   -0.86602540   -0.76604444   -0.64278761   -0.50000000   -0.34202014   -0.17364818   -0.00000000    0.17364818    0.34202014    0.50000000    0.64278761    0.76604444    0.86602540
    1.00000000    0.98480775    0.93969262    0.86602540    0.76604444    0.64278761    0.50000000    0.34202014    0.17364818    0.00000000   -0.17364818   -0.34202014   -0.50000000   -0.64278761   -0.76604444   -0.86602540   -0.93969262   -0.98480775   -1.00000000   -0.98480775   -0.93969262   -0.86602540   -0.76604444   -0.64278761   -0.50000000   -0.34202014   -0.17364818   -0.00000000    0.17364818    0.34202014    0.50000000    0.64278761    0.76604444    0.86602540    0.93969262    0.98480775
    0.93969262    0.86602540    0.76604444    0.64278761    0.50000000    0.34202014    0.17364818    0.00000000   -0.17364818   -0.34202014   -0.50000000   -0.64278761   -0.76604444   -0.86602540   -0.93969262   -0.98480775   -1.00000000   -0.98480775   -0.93969262   -0.86602540   -0.76604444   -0.64278761   -0.50000000   -0.34202014   -0.17364818   -0.00000000    0.17364818    0.34202014    0.50000000    0.64278761    0.76604444    0.86602540    0.93969262    0.98480775    1.00000000    0.98480775
    0.76604444    0.64278761    0.50000000    0.34202014    0.17364818    0.00000000   -0.17364818   -0.34202014   -0.50000000   -0.64278761   -0.76604444   -0.86602540   -0.93969262   -0.98480775   -1.00000000   -0.98480775   -0.93969262   -0.86602540   -0.76604444   -0.64278761   -0.50000000   -0.34202014   -0.17364818   -0.00000000    0.17364818    0.34202014    0.50000000    0.64278761    0.76604444    0.86602540    0.93969262    0.98480775    1.00000000    0.98480775    0.93969262    0.86602540
    0.50000000    0.34202014    0.17364818    0.00000000   -0.17364818   -0.34202014   -0.50000000   -0.64278761   -0.76604444   -0.86602540   -0.93969262   -0.98480775   -1.00000000   -0.98480775   -0.93969262   -0.86602540   -0.76604444   -0.64278761   -0.50000000   -0.34202014   -0.17364818   -0.00000000    0.17364818    0.34202014    0.50000000    0.64278761    0.76604444    0.86602540    0.93969262    0.98480775    1.00000000    0.98480775    0.93969262    0.86602540    0.76604444    0.64278761
    0.17364818    0.00000000   -0.17364818   -0.34202014   -0.50000000   -0.64278761   -0.76604444   -0.86602540   -0.93969262   -0.98480775   -1.00000000   -0.98480775   -0.93969262   -0.86602540   -0.76604444   -0.64278761   -0.50000000   -0.34202014   -0.17364818   -0.00000000    0.17364818    0.34202014    0.50000000    0.64278761    0.76604444    0.86602540    0.93969262    0.98480775    1.00000000    0.98480775    0.93969262    0.86602540    0.76604444    0.64278761    0.50000000    0.34202014
   -0.17364818   -0.34202014   -0.50000000   -0.64278761   -0.76604444   -0.86602540   -0.93969262   -0.98480775   -1.00000000   -0.98480775   -0.93969262   -0.86602540   -0.76604444   -0.64278761   -0.50000000   -0.34202014   -0.17364818   -0.00000000    0.17364818    0.34202014    0.50000000    0.64278761    0.76604444    0.86602540    0.93969262    0.98480775    1.00000000    0.98480775    0.93969262    0.86602540    0.76604444    0.64278761    0.50000000    0.34202014    0.17364818    0.00000000
   -0.50000000   -0.64278761   -0.76604444   -0.86602540   -0.93969262   -0.98480775   -1.00000000   -0.98480775   -0.93969262   -0.86602540   -0.76604444   -0.64278761   -0.50000000   -0.34202014   -0.17364818   -0.00000000    0.17364818    0.34202014    0.50000000    0.64278761    0.76604444    0.86602540    0.93969262    0.98480775    1.00000000    0.98480775    0.93969262    0.86602540    0.76604444    0.64278761    0.50000000    0.34202014    0.17364818    0.00000000   -0.17364818   -0.34202014
   -0.76604444   -0.86602540   -0.93969262   -0.98480775   -1.00000000   -0.98480775   -0.93969262   -0.86602540   -0.76604444   -0.64278761   -0.50000000   -0.34202014   -0.17364818   -0.00000000    0.17364818    0.34202014    0.50000000    0.64278761    0.76604444    0.86602540    0.93969262    0.98480775    1.00000000    0.98480775    0.93969262    0.86602540    0.76604444    0.64278761    0.50000000    0.34202014    0.17364818    0.00000000   -0.17364818   -0.34202014   -0.50000000   -0.64278761
   -0.93969262   -0.98480775   -1.00000000   -0.98480775   -0.93969262   -0.86602540   -0.76604444   -0.64278761   -0.50000000   -0.34202014   -0.17364818   -0.00000000    0.17364818    0.34202014    0.50000000    0.64278761    0.76604444    0.86602540    0.93969262    0.98480775    1.00000000    0.98480775    0.93969262    0.86602540    0.76604444    0.64278761    0.50000000    0.34202014    0.17364818    0.00000000   -0.17364818   -0.34202014   -0.50000000   -0.64278761   -0.76604444   -0.86602540
   -1.00000000   -0.98480775   -0.93969262   -0.86602540   -0.76604444   -0.64278761   -0.50000000   -0.34202014   -0.17364818   -0.00000000    0.17364818    0.34202014    0.50000000    0.64278761    0.76604444    0.86602540    0.93969262    0.98480775    1.00000000    0.98480775    0.93969262    0.86602540    0.76604444    0.64278761    0.50000000    0.34202014    0.17364818    0.00000000   -0.17364818   -0.34202014   -0.50000000   -0.64278761   -0.76604444   -0.86602540   -0.93969262   -0.98480775
   -0.93969262   -0.86602540   -0.76604444   -0.64278761   -0.50000000   -0.34202014   -0.17364818   -0.00000000    0.17364818    0.34202014    0.50000000    0.64278761    0.76604444    0.86602540    0.93969262    0.98480775    1.00000000    0.98480775    0.93969262    0.86602540    0.76604444    0.64278761    0.50000000    0.34202014    0.17364818    0.00000000   -0.17364818   -0.34202014   -0.50000000   -0.64278761   -0.76604444   -0.86602540   -0.93969262   -0.98480775   -1.00000000   -0.98480775
