     -0.490164     -0.554138     -0.601275     -0.630142     -0.639863     -0.630142     -0.601275     -0.554138     -0.490164     -0.411296     -0.319932     -0.218846     -0.111111     -0.000000      0.111111      0.218846      0.319932      0.411296      0.490164      0.554138      0.601275      0.630142      0.639863      0.630142      0.601275      0.554138      0.490164      0.411296      0.319932      0.218846      0.111111      0.000000     -0.111111     -0.218846     -0.319932     -0.411296
     -0.601275     -0.630142     -0.639863     -0.630142     -0.601275     -0.554138     -0.490164     -0.411296     -0.319932     -0.218846     -0.111111     -0.000000      0.111111      0.218846      0.319932      0.411296      0.490164      0.554138      0.601275      0.630142      0.639863      0.630142      0.601275      0.554138      0.490164      0.411296      0.319932      0.218846      0.111111      0.000000     -0.111111     -0.218846     -0.319932     -0.411296     -0.490164     -0.554138
     -0.639863     -0.630142     -0.601275     -0.554138     -0.490164     -0.411296     -0.319932     -0.218846     -0.111111     -0.000000      0.111111      0.218846      0.319932      0.411296      0.490164      0.554138      0.601275      0.630142      0.639863      0.630142      0.601275      0.554138      0.490164      0.411296      0.319932      0.218846      0.111111      0.000000     -0.111111     -0.218846     -0.319932     -0.411296     -0.490164     -0.554138     -0.601275     -0.630142
     -0.601275     -0.554138     -0.490164     -0.411296     -0.319932     -0.218846     -0.111111     -0.000000      0.111111      0.218846      0.319932      0.411296      0.490164      0.554138      0.601275      0.630142      0.639863      0.630142      0.601275      0.554138      0.490164      0.411296      0.319932      0.218846      0.111111      0.000000     -0.111111     -0.218846     -0.319932     -0.411296     -0.490164     -0.554138     -0.601275     -0.630142     -0.639863     -0.630142
     -0.490164     -0.411296     -0.319932     -0.218846     -0.111111     -0.000000      0.111111      0.218846      0.319932      0.411296      0.490164      0.554138      0.601275      0.630142      0.639863      0.630142      0.601275      0.554138      0.490164      0.411296      0.319932      0.218846      0.111111      0.000000     -0.111111     -0.218846     -0.319932     -0.411296     -0.490164     -0.554138     -0.601275     -0.630142     -0.639863     -0.630142     -0.601275     -0.554138
     -0.319932     -0.218846     -0.111111     -0.000000      0.111111      0.218846      0.319932      0.411296      0.490164      0.554138      0.601275      0.630142      0.639863      0.630142      0.601275      0.554138      0.490164      0.411296      0.319932      0.218846      0.111111      0.000000     -0.111111     -0.218846     -0.319932     -0.411296     -0.490164     -0.554138     -0.601275     -0.630142     -0.639863     -0.630142     -0.601275     -0.554138     -0.490164     -0.411296
     -0.111111     -0.000000      0.111111      0.218846      0.319932      0.411296      0.490164      0.554138      0.601275      0.630142      0.639863      0.630142      0.601275      0.554138      0.490164      0.411296      0.319932      0.218846      0.111111      0.000000     -0.111111     -0.218846     -0.319932     -0.411296     -0.490164     -0.554138     -0.601275     -0.630142     -0.639863     -0.630142     -0.601275     -0.554138     -0.490164     -0.411296     -0.319932     -0.218846
      0.111111      0.218846      0.319932      0.411296      0.490164      0.554138      0.601275      0.630142      0.639863      0.630142      0.601275      0.554138      0.490164      0.411296      0.319932      0.218846      0.111111      0.000000     -0.111111     -0.218846     -0.319932     -0.411296     -0.490164     -0.554138     -0.601275     -0.630142     -0.639863     -0.630142     -0.601275     -0.554138     -0.490164     -0.411296     -0.319932     -0.218846     -0.111111     -0.000000
      0.319932      0.411296      0.490164      0.554138      0.601275      0.630142      0.639863      0.630142      0.601275      0.554138      0.490164      0.411296      0.319932      0.218846      0.111111      0.000000     -0.111111     -0.218846     -0.319932     -0.411296     -0.490164     -0.554138     -0.601275     -0.630142     -0.639863     -0.630142     -0.601275     -0.554138     -0.490164     -0.411296     -0.319932     -0.218846     -0.111111     -0.000000      0.111111      0.218846
      0.490164      0.554138      0.601275      0.630142      0.639863      0.630142      0.601275      0.554138      0.490164      0.411296      0.319932      0.218846      0.111111      0.000000     -0.111111     -0.218846     -0.319932     -0.411296     -0.490164     -0.554138     -0.601275     -0.630142     -0.639863     -0.630142     -0.601275     -0.554138     -0.490164     -0.411296     -0.319932     -0.218846     -0.111111     -0.000000      0.111111      0.218846      0.319932      0.411296
      0.601275      0.630142      0.639863      0.630142      0.601275      0.554138      0.490164      0.411296      0.319932      0.218846      0.111111      0.000000     -0.111111     -0.218846     -0.319932     -0.411296     -0.490164     -0.554138     -0.601275     -0.630142     -0.639863     -0.630142     -0.601275     -0.554138     -0.490164     -0.411296     -0.319932     -0.218846     -0.111111     -0.000000      0.111111      0.218846      0.319932      0.411296      0.490164      0.554138
      0.639863      0.630142      0.601275      0.554138      0.490164      0.411296      0.319932      0.218846      0.111111      0.000000     -0.111111     -0.218846     -0.319932     -0.411296     -0.490164     -0.554138     -0.601275     -0.630142     -0.639863     -0.630142     -0.601275     -0.554138     -0.490164     -0.411296     -0.319932     -0.218846     -0.111111     -0.000000      0.111111      0.218846      0.319932      0.411296      0.490164      0.554138      0.601275      0.630142
      0.601275      0.554138      0.490164      0.411296      0.319932      0.218846      0.111111      0.000000     -0.111111     -0.218846     -0.319932     -0.411296     -0.490164     -0.554138     -0.601275     -0.630142     -0.639863     -0.630142     -0.601275     -0.554138     -0.490164     -0.411296     -0.319932     -0.218846     -0.111111     -0.000000      0.111111      0.218846      0.319932      0.411296      0.490164      0.554138      0.601275      0.630142      0.639863      0.630142
      0.490164      0.411296      0.319932      0.218846      0.111111      0.000000     -0.111111     -0.218846     -0.319932     -0.411296     -0.490164     -0.554138     -0.601275     -0.630142     -0.639863     -0.630142     -0.601275     -0.554138     -0.490164     -0.411296     -0.319932     -0.218846     -0.111111     -0.000000      0.111111      0.218846      0.319932      0.411296      0.490164      0.554138      0.601275      0.630142      0.639863      0.630142      0.601275      0.554138
      0.319932      0.218846      0.111111      0.000000     -0.111111     -0.218846     -0.319932     -0.411296     -0.490164     -0.554138     -0.601275     -0.630142     -0.639863     -0.630142     -0.601275     -0.554138     -0.490164     -0.411296     -0.319932     -0.218846     -0.111111     -0.000000      0.111111      0.218846      0.319932      0.411296      0.490164      0.554138      0.601275      0.630142      0.639863      0.630142      0.601275      0.554138      0.490164      0.411296
      0.111111      0.000000     -0.111111     -0.218846     -0.319932     -0.411296     -0.490164     -0.554138     -0.601275     -0.630142     -0.639863     -0.630142     -0.601275     -0.554138     -0.490164     -0.411296     -0.319932     -0.218846     -0.111111     -0.000000      0.111111      0.218846      0.319932      0.411296      0.490164      0.554138      0.601275      0.630142      0.639863      0.630142      0.601275      0.554138      0.490164      0.411296      0.319932      0.218846
     -0.111111     -0.218846     -0.319932     -0.411296     -0.490164     -0.554138     -0.601275     -0.630142     -0.639863     -0.630142     -0.601275     -0.554138     -0.490164     -0.411296     -0.319932     -0.218846     -0.111111     -0.000000      0.111111      0.218846      0.319932      0.411296      0.490164      0.554138      0.601275      0.630142      0.639863      0.630142      0.601275      0.554138      0.490164      0.411296      0.319932      0.218846      0.111111      0.000000
     -0.319932     -0.411296     -0.490164     -0.554138     -0.601275     -0.630142     -0.639863     -0.630142     -0.601275     -0.554138     -0.490164     -0.411296     -0.319932     -0.218846     -0.111111     -0.000000      0.111111      0.218846      0.319932      0.411296      0.490164      0.554138      0.601275      0.630142      0.639863      0.630142      0.601275      0.554138      0.490164      0.411296      0.319932      0.218846      0.111111      0.000000     -0.111111     -0.218846
