    0.99619470    1.00000000    0.99619470    0.98480775    0.96592583    0.93969262    0.90630779    0.86602540    0.81915204    0.76604444    0.70710678    0.64278761    0.57357644    0.50000000    0.42261826    0.34202014    0.25881905    0.17364818    0.08715574    0.00000000   -0.08715574   -0.17364818   -0.25881905   -0.34202014   -0.42261826   -0.50000000   -0.57357644   -0.64278761   -0.70710678   -0.76604444   -0.81915204   -0.86602540   -0.90630779   -0.93969262   -0.96592583   -0.98480775
    0.99619470    0.98480775    0.96592583    0.93969262    0.90630779    0.86602540    0.81915204    0.76604444    0.70710678    0.64278761    0.57357644    0.50000000    0.42261826    0.34202014    0.25881905    0.17364818    0.08715574    0.00000000   -0.08715574   -0.17364818   -0.25881905   -0.34202014   -0.42261826   -0.50000000   -0.57357644   -0.64278761   -0.70710678   -0.76604444   -0.81915204   -0.86602540   -0.90630779   -0.93969262   -0.96592583   -0.98480775   -0.99619470   -1.00000000
    0.96592583    0.93969262    0.90630779    0.86602540    0.81915204    0.76604444    0.70710678    0.64278761    0.57357644    0.50000000    0.42261826    0.34202014    0.25881905    0.17364818    0.08715574    0.00000000   -0.08715574   -0.17364818   -0.25881905   -0.34202014   -0.42261826   -0.50000000   -0.57357644   -0.64278761   -0.70710678   -0.76604444   -0.81915204   -0.86602540   -0.90630779   -0.93969262   -0.96592583   -0.98480775   -0.99619470   -1.00000000   -0.99619470   -0.98480775
    0.90630779    0.86602540    0.81915204    0.76604444    0.70710678    0.64278761    0.57357644    0.50000000    0.42261826    0.34202014    0.25881905    0.17364818    0.08715574    0.00000000   -0.08715574   -0.17364818   -0.25881905   -0.34202014   -0.42261826   -0.50000000   -0.57357644   -0.64278761   -0.70710678   -0.76604444   -0.81915204   -0.86602540   -0.90630779   -0.93969262   -0.96592583   -0.98480775   -0.99619470   -1.00000000   -0.99619470   -0.98480775   -0.96592583   -0.93969262
    0.81915204    0.76604444    0.70710678    0.64278761    0.57357644    0.50000000    0.42261826    0.34202014    0.25881905    0.17364818    0.08715574    0.00000000   -0.08715574   -0.17364818   -0.25881905   -0.34202014   -0.42261826   -0.50000000   -0.57357644   -0.64278761   -0.70710678   -0.76604444   -0.81915204   -0.86602540   -0.90630779   -0.93969262   -0.96592583   -0.98480775   -0.99619470   -1.00000000   -0.99619470   -0.98480775   -0.96592583   -0.93969262   -0.90630779   -0.86602540
    0.70710678    0.64278761    0.57357644    0.50000000    0.42261826    0.34202014    0.25881905    0.17364818    0.08715574    0.00000000   -0.08715574   -0.17364818   -0.25881905   -0.34202014   -0.42261826   -0.50000000   -0.57357644   -0.64278761   -0.70710678   -0.76604444   -0.81915204   -0.86602540   -0.90630779   -0.93969262   -0.96592583   -0.98480775   -0.99619470   -1.00000000   -0.99619470   -0.98480775   -0.96592583   -0.93969262   -0.90630779   -0.86602540   -0.81915204   -0.76604444
    0.57357644    0.50000000    0.42261826    0.34202014    0.25881905    0.17364818    0.08715574    0.00000000   -0.08715574   -0.17364818   -0.25881905   -0.34202014   -0.42261826   -0.50000000   -0.57357644   -0.64278761   -0.70710678   -0.76604444   -0.81915204   -0.86602540   -0.90630779   -0.93969262   -0.96592583   -0.98480775   -0.99619470   -1.00000000   -0.99619470   -0.98480775   -0.96592583   -0.93969262   -0.90630779   -0.86602540   -0.81915204   -0.76604444   -0.70710678   -0.64278761
    0.42261826    0.34202014    0.25881905    0.17364818    0.08715574    0.00000000   -0.08715574   -0.17364818   -0.25881905   -0.34202014   -0.42261826   -0.50000000   -0.57357644   -0.64278761   -0.70710678   -0.76604444   -0.81915204   -0.86602540   -0.90630779   -0.93969262   -0.96592583   -0.98480775   -0.99619470   -1.00000000   -0.99619470   -0.98480775   -0.96592583   -0.93969262   -0.90630779   -0.86602540   -0.81915204   -0.76604444   -0.70710678   -0.64278761   -0.57357644   -0.50000000
    0.25881905    0.17364818    0.08715574    0.00000000   -0.08715574   -0.17364818   -0.25881905   -0.34202014   -0.42261826   -0.50000000   -0.57357644   -0.64278761   -0.70710678   -0.76604444   -0.81915204   -0.86602540   -0.90630779   -0.93969262   -0.96592583   -0.98480775   -0.99619470   -1.00000000   -0.99619470   -0.98480775   -0.96592583   -0.93969262   -0.90630779   -0.86602540   -0.81915204   -0.76604444   -0.70710678   -0.64278761   -0.57357644   -0.50000000   -0.42261826   -0.34202014
    0.08715574    0.00000000   -0.08715574   -0.17364818   -0.25881905   -0.34202014   -0.42261826   -0.50000000   -0.57357644   -0.64278761   -0.70710678   -0.76604444   -0.81915204   -0.86602540   -0.90630779   -0.93969262   -0.96592583   -0.98480775   -0.99619470   -1.00000000   -0.99619470   -0.98480775   -0.96592583   -0.93969262   -0.90630779   -0.86602540   -0.81915204   -0.76604444   -0.70710678   -0.64278761   -0.57357644   -0.50000000   -0.42261826   -0.34202014   -0.25881905   -0.17364818
   -0.08715574   -0.17364818   -0.25881905   -0.34202014   -0.42261826   -0.50000000   -0.57357644   -0.64278761   -0.70710678   -0.76604444   -0.81915204   -0.86602540   -0.90630779   -0.93969262   -0.96592583   -0.98480775   -0.99619470   -1.00000000   -0.99619470   -0.98480775   -0.96592583   -0.93969262   -0.90630779   -0.86602540   -0.81915204   -0.76604444   -0.70710678   -0.64278761   -0.57357644   -0.50000000   -0.42261826   -0.34202014   -0.25881905   -0.17364818   -0.08715574   -0.00000000
   -0.25881905   -0.34202014   -0.42261826   -0.50000000   -0.57357644   -0.64278761   -0.70710678   -0.76604444   -0.81915204   -0.86602540   -0.90630779   -0.93969262   -0.96592583   -0.98480775   -0.99619470   -1.00000000   -0.99619470   -0.98480775   -0.96592583   -0.93969262   -0.90630779   -0.86602540   -0.81915204   -0.76604444   -0.70710678   -0.64278761   -0.57357644   -0.50000000   -0.42261826   -0.34202014   -0.25881905   -0.17364818   -0.08715574   -0.00000000    0.08715574    0.17364818
   -0.42261826   -0.50000000   -0.57357644   -0.64278761   -0.70710678   -0.76604444   -0.81915204   -0.86602540   -0.90630779   -0.93969262   -0.96592583   -0.98480775   -0.99619470   -1.00000000   -0.99619470   -0.98480775   -0.96592583   -0.93969262   -0.90630779   -0.86602540   -0.81915204   -0.76604444   -0.70710678   -0.64278761   -0.57357644   -0.50000000   -0.42261826   -0.34202014   -0.25881905   -0.17364818   -0.08715574   -0.00000000    0.08715574    0.17364818    0.25881905    0.34202014
   -0.57357644   -0.64278761   -0.70710678   -0.76604444   -0.81915204   -0.86602540   -0.90630779   -0.93969262   -0.96592583   -0.98480775   -0.99619470   -1.00000000   -0.99619470   -0.98480775   -0.96592583   -0.93969262   -0.90630779   -0.86602540   -0.81915204   -0.76604444   -0.70710678   -0.64278761   -0.57357644   -0.50000000   -0.42261826   -0.34202014   -0.25881905   -0.17364818   -0.08715574   -0.00000000    0.08715574    0.17364818    0.25881905    0.34202014    0.42261826    0.50000000
   -0.70710678   -0.76604444   -0.81915204   -0.86602540   -0.90630779   -0.93969262   -0.96592583   -0.98480775   -0.99619470   -1.00000000   -0.99619470   -0.98480775   -0.96592583   -0.93969262   -0.90630779   -0.86602540   -0.81915204   -0.76604444   -0.70710678   -0.64278761   -0.57357644   -0.50000000   -0.42261826   -0.34202014   -0.25881905   -0.17364818   -0.08715574   -0.00000000    0.08715574    0.17364818    0.25881905    0.34202014    0.42261826    0.50000000    0.57357644    0.64278761
   -0.81915204   -0.86602540   -0.90630779   -0.93969262   -0.96592583   -0.98480775   -0.99619470   -1.00000000   -0.99619470   -0.98480775   -0.96592583   -0.93969262   -0.90630779   -0.86602540   -0.81915204   -0.76604444   -0.70710678   -0.64278761   -0.57357644   -0.50000000   -0.42261826   -0.34202014   -0.25881905   -0.17364818   -0.08715574   -0.00000000    0.08715574    0.17364818    0.25881905    0.34202014    0.42261826    0.50000000    0.57357644    0.64278761    0.70710678    0.76604444
   -0.90630779   -0.93969262   -0.96592583   -0.98480775   -0.99619470   -1.00000000   -0.99619470   -0.98480775   -0.96592583   -0.93969262   -0.90630779   -0.86602540   -0.81915204   -0.76604444   -0.70710678   -0.64278761   -0.57357644   -0.50000000   -0.42261826   -0.34202014   -0.25881905   -0.17364818   -0.08715574   -0.00000000    0.08715574    0.17364818    0.25881905    0.34202014    0.42261826    0.50000000    0.57357644    0.64278761    0.70710678    0.76604444    0.81915204    0.86602540
   -0.96592583   -0.98480775   -0.99619470   -1.00000000   -0.99619470   -0.98480775   -0.96592583   -0.93969262   -0.90630779   -0.86602540   -0.81915204   -0.76604444   -0.70710678   -0.64278761   -0.57357644   -0.50000000   -0.42261826   -0.34202014   -0.25881905   -0.17364818   -0.08715574   -0.00000000    0.08715574    0.17364818    0.25881905    0.34202014    0.42261826    0.50000000    0.57357644    0.64278761    0.70710678    0.76604444    0.81915204    0.86602540    0.90630779    0.93969262
