      0.785300      0.744880      0.698792      0.647385      0.591050      0.530218      0.465351      0.396941      0.325511      0.251604      0.175782      0.098621      0.020711     -0.057358     -0.134989     -0.211594     -0.286588     -0.359401     -0.429479     -0.496288     -0.559320     -0.618095     -0.672166     -0.721122     -0.764590     -0.802238     -0.833781     -0.858978     -0.877638     -0.889619     -0.894829     -0.893229     -0.884831     -0.869699     -0.847948     -0.819743
      0.698792      0.647385      0.591050      0.530218      0.465351      0.396941      0.325511      0.251604      0.175782      0.098621      0.020711     -0.057358     -0.134989     -0.211594     -0.286588     -0.359401     -0.429479     -0.496288     -0.559320     -0.618095     -0.672166     -0.721122     -0.764590     -0.802238     -0.833781     -0.858978     -0.877638     -0.889619     -0.894829     -0.893229     -0.884831     -0.869699     -0.847948     -0.819743     -0.785300     -0.744880
      0.591050      0.530218      0.465351      0.396941      0.325511      0.251604      0.175782      0.098621      0.020711     -0.057358     -0.134989     -0.211594     -0.286588     -0.359401     -0.429479     -0.496288     -0.559320     -0.618095     -0.672166     -0.721122     -0.764590     -0.802238     -0.833781     -0.858978     -0.877638     -0.889619     -0.894829     -0.893229     -0.884831     -0.869699     -0.847948     -0.819743     -0.785300     -0.744880     -0.698792     -0.647385
      0.465351      0.396941      0.325511      0.251604      0.175782      0.098621      0.020711     -0.057358     -0.134989     -0.211594     -0.286588     -0.359401     -0.429479     -0.496288     -0.559320     -0.618095     -0.672166     -0.721122     -0.764590     -0.802238     -0.833781     -0.858978     -0.877638     -0.889619     -0.894829     -0.893229     -0.884831     -0.869699     -0.847948     -0.819743     -0.785300     -0.744880     -0.698792     -0.647385     -0.591050     -0.530218
      0.325511      0.251604      0.175782      0.098621      0.020711     -0.057358     -0.134989     -0.211594     -0.286588     -0.359401     -0.429479     -0.496288     -0.559320     -0.618095     -0.672166     -0.721122     -0.764590     -0.802238     -0.833781     -0.858978     -0.877638     -0.889619     -0.894829     -0.893229     -0.884831     -0.869699     -0.847948     -0.819743     -0.785300     -0.744880     -0.698792     -0.647385     -0.591050     -0.530218     -0.465351     -0.396941
      0.175782      0.098621      0.020711     -0.057358     -0.134989     -0.211594     -0.286588     -0.359401     -0.429479     -0.496288     -0.559320     -0.618095     -0.672166     -0.721122     -0.764590     -0.802238     -0.833781     -0.858978     -0.877638     -0.889619     -0.894829     -0.893229     -0.884831     -0.869699     -0.847948     -0.819743     -0.785300     -0.744880     -0.698792     -0.647385     -0.591050     -0.530218     -0.465351     -0.396941     -0.325511     -0.251604
      0.020711     -0.057358     -0.134989     -0.211594     -0.286588     -0.359401     -0.429479     -0.496288     -0.559320     -0.618095     -0.672166     -0.721122     -0.764590     -0.802238     -0.833781     -0.858978     -0.877638     -0.889619     -0.894829     -0.893229     -0.884831     -0.869699     -0.847948     -0.819743     -0.785300     -0.744880     -0.698792     -0.647385     -0.591050     -0.530218     -0.465351     -0.396941     -0.325511     -0.251604     -0.175782     -0.098621
     -0.134989     -0.211594     -0.286588     -0.359401     -0.429479     -0.496288     -0.559320     -0.618095     -0.672166     -0.721122     -0.764590     -0.802238     -0.833781     -0.858978     -0.877638     -0.889619     -0.894829     -0.893229     -0.884831     -0.869699     -0.847948     -0.819743     -0.785300     -0.744880     -0.698792     -0.647385     -0.591050     -0.530218     -0.465351     -0.396941     -0.325511     -0.251604     -0.175782     -0.098621     -0.020711      0.057358
     -0.286588     -0.359401     -0.429479     -0.496288     -0.559320     -0.618095     -0.672166     -0.721122     -0.764590     -0.802238     -0.833781     -0.858978     -0.877638     -0.889619     -0.894829     -0.893229     -0.884831     -0.869699     -0.847948     -0.819743     -0.785300     -0.744880     -0.698792     -0.647385     -0.591050     -0.530218     -0.465351     -0.396941     -0.325511     -0.251604     -0.175782     -0.098621     -0.020711      0.057358      0.134989      0.211594
     -0.429479     -0.496288     -0.559320     -0.618095     -0.672166     -0.721122     -0.764590     -0.802238     -0.833781     -0.858978     -0.877638     -0.889619     -0.894829     -0.893229     -0.884831     -0.869699     -0.847948     -0.819743     -0.785300     -0.744880     -0.698792     -0.647385     -0.591050     -0.530218     -0.465351     -0.396941     -0.325511     -0.251604     -0.175782     -0.098621     -0.020711      0.057358      0.134989      0.211594      0.286588      0.359401
     -0.559320     -0.618095     -0.672166     -0.721122     -0.764590     -0.802238     -0.833781     -0.858978     -0.877638     -0.889619     -0.894829     -0.893229     -0.884831     -0.869699     -0.847948     -0.819743     -0.785300     -0.744880     -0.698792     -0.647385     -0.591050     -0.530218     -0.465351     -0.396941     -0.325511     -0.251604     -0.175782     -0.098621     -0.020711      0.057358      0.134989      0.211594      0.286588      0.359401      0.429479      0.496288
     -0.672166     -0.721122     -0.764590     -0.802238     -0.833781     -0.858978     -0.877638     -0.889619     -0.894829     -0.893229     -0.884831     -0.869699     -0.847948     -0.819743     -0.785300     -0.744880     -0.698792     -0.647385     -0.591050     -0.530218     -0.465351     -0.396941     -0.325511     -0.251604     -0.175782     -0.098621     -0.020711      0.057358      0.134989      0.211594      0.286588      0.359401      0.429479      0.496288      0.559320      0.618095
     -0.764590     -0.802238     -0.833781     -0.858978     -0.877638     -0.889619     -0.894829     -0.893229     -0.884831     -0.869699     -0.847948     -0.819743     -0.785300     -0.744880     -0.698792     -0.647385     -0.591050     -0.530218     -0.465351     -0.396941     -0.325511     -0.251604     -0.175782     -0.098621     -0.020711      0.057358      0.134989      0.211594      0.286588      0.359401      0.429479      0.496288      0.559320      0.618095      0.672166      0.721122
     -0.833781     -0.858978     -0.877638     -0.889619     -0.894829     -0.893229     -0.884831     -0.869699     -0.847948     -0.819743     -0.785300     -0.744880     -0.698792     -0.647385     -0.591050     -0.530218     -0.465351     -0.396941     -0.325511     -0.251604     -0.175782     -0.098621     -0.020711      0.057358      0.134989      0.211594      0.286588      0.359401      0.429479      0.496288      0.559320      0.618095      0.672166      0.721122      0.764590      0.802238
     -0.877638     -0.889619     -0.894829     -0.893229     -0.884831     -0.869699     -0.847948     -0.819743     -0.785300     -0.744880     -0.698792     -0.647385     -0.591050     -0.530218     -0.465351     -0.396941     -0.325511     -0.251604     -0.175782     -0.098621     -0.020711      0.057358      0.134989      0.211594      0.286588      0.359401      0.429479      0.496288      0.559320      0.618095      0.672166      0.721122      0.764590      0.802238      0.833781      0.858978
     -0.894829     -0.893229     -0.884831     -0.869699     -0.847948     -0.819743     -0.785300     -0.744880     -0.698792     -0.647385     -0.591050     -0.530218     -0.465351     -0.396941     -0.325511     -0.251604     -0.175782     -0.098621     -0.020711      0.057358      0.134989      0.211594      0.286588      0.359401      0.429479      0.496288      0.559320      0.618095      0.672166      0.721122      0.764590      0.802238      0.833781      0.858978      0.877638      0.889619
     -0.884831     -0.869699     -0.847948     -0.819743     -0.785300     -0.744880     -0.698792     -0.647385     -0.591050     -0.530218     -0.465351     -0.396941     -0.325511     -0.251604     -0.175782     -0.098621     -0.020711      0.057358      0.134989      0.211594      0.286588      0.359401      0.429479      0.496288      0.559320      0.618095      0.672166      0.721122      0.764590      0.802238      0.833781      0.858978      0.877638      0.889619      0.894829      0.893229
     -0.847948     -0.819743     -0.785300     -0.744880     -0.698792     -0.647385     -0.591050     -0.530218     -0.465351     -0.396941     -0.325511     -0.251604     -0.175782     -0.098621     -0.020711      0.057358      0.134989      0.211594      0.286588      0.359401      0.429479      0.496288      0.559320      0.618095      0.672166      0.721122      0.764590      0.802238      0.833781      0.858978      0.877638      0.889619      0.894829      0.893229      0.884831      0.869699
